[[ 2  5  1  4  3  6  8  7  9 11 10 12]
 [ 2  5  1  3  4  6  7  9  8 10 11 12]
 [ 3  1  6  4  2  5  8  9  7 10 11 12]
 [ 2  5  1  4  3  6  9  7  8 10 11 12]
 [ 3  6  1  2  4  5  8  9  7 11 10 12]
 [ 2  3  1  5  6  8  4  9 11  7 12 10]
 [ 3  2  1  5  4  6  8  9  7 11 10 12]
 [ 1  4  2  5  3  6  8  9  7 10 11 12]
 [ 3  6  1  4  2  5  8  9  7 11 10 12]
 [ 3  1  6  4  2  5  8  9  7 11 12 10]
 [ 2  5  1  4  3  7  6  9  8 10 11 12]
 [ 2  5  1  4  3  8  7  6  9 11 10 12]
 [ 2  5  3  1  8  6  9  4 11  7 10 12]
 [ 3  1  6  2  5  4  8  7  9 10 11 12]
 [ 3  6  2  1  5  9 11  4  8  7 12 10]
 [ 2  1  5  4  3  6  8  9  7 10 11 12]
 [ 2  1  5  3  6  9  8  4  7 10 11 12]
 [ 2  3  6  1  5  4  9  7 11  8 10 12]
 [ 3  6  1  2  4  5  8  9  7 10 11 12]
 [ 1  3  2  6  4  5  8  9  7 11 10 12]]

